R = 2.0;
L = 0.5;
Kt = 0.1;
Ke = 0.1;
J = 0.02;
C = 0.1;

Ktn = 0.1;
Jn = 0.02;
